,Country,Weather,Time Of Day,Season,Activity,Mood/Emotion
Country,1.0,0.173,0.243,0.332,0.196,0.0
Weather,0.173,1.0,0.356,0.364,0.0,0.0
Time Of Day,0.243,0.356,1.0,0.245,0.209,0.281
Season,0.332,0.364,0.245,1.0,0.216,0.285
Activity,0.196,0.0,0.209,0.216,1.0,0.327
Mood/Emotion,0.0,0.0,0.281,0.285,0.327,1.0
